0.9622243642807007
0.9059426784515381
0.9573387503623962
0.9234721660614014
0.9710603356361389
0.9353371858596802
0.9159613847732544
0.961459755897522
0.9235168695449829
0.9285470843315125
0.9142864942550659
0.9389033317565918
0.8927803635597229
0.8914531469345093
0.9734964370727539
1.0
0.971989631652832
0.9310441017150879
0.9648879766464233
0.9617428183555603
0.9811781048774719
0.9942587018013
1.0
1.0
1.0
0.9710920453071594
0.9909072518348694
0.9566164016723633
1.0
0.9702198505401611
0.9982123374938965
0.9379757046699524
0.9465463757514954
0.9695351123809814
0.9001836776733398
0.9854552149772644
0.9753598570823669
0.9555906653404236
0.9723861217498779
1.0
0.988916277885437
0.9848830103874207
0.9498810172080994
0.9809548854827881
0.9711319804191589
0.9517231583595276
0.9783504009246826
0.9225016236305237
0.8927268981933594
0.9185552000999451
0.9920423626899719
0.9629063010215759
0.9453641772270203
0.9750701785087585
0.9142419695854187
0.9841118454933167
0.909957766532898
0.9434679746627808
0.8844426870346069
0.9092845916748047
1.0
0.9157559871673584
0.9518077373504639
0.8770606517791748
0.9518559575080872
0.8585795164108276
0.9212374687194824
0.9553102850914001
0.9755392074584961
0.9209479093551636
0.9659914374351501
0.8914141654968262
0.9462054967880249
0.9786092638969421
0.9827950596809387
0.8718599081039429
1.0
0.9584900140762329
0.888096809387207
0.9171593189239502
0.982361912727356
0.9563097357749939
0.9772258996963501
0.9797436594963074
0.9558859467506409
0.9117743968963623
0.9551591277122498
0.9201875329017639
0.9663620591163635
0.9962184429168701
0.9630315899848938
1.0
0.9287490844726562
0.9276241660118103
0.9276239275932312
0.9697099328041077
1.0
0.9379401206970215
0.9878374934196472
1.0
1.0
0.9359725713729858
1.0
0.9587796926498413
0.9144585132598877
0.9680740237236023
0.9458377957344055
0.9371916651725769
0.9087272882461548
0.9483164548873901
0.9546385407447815
0.9207760691642761
0.9044731855392456
0.9217276573181152
0.9772742986679077
1.0
0.9483411908149719
0.9053242206573486
0.8831623196601868
0.9110123515129089
0.9407813549041748
0.9912415742874146
1.0
1.0
1.0
0.9801280498504639
0.9772781729698181
0.9884356260299683
1.0
1.0
0.9553456902503967
0.9405199289321899
0.9728978276252747
0.9910317063331604
1.0
0.9808911681175232
0.9958015084266663
0.9456191658973694
1.0
0.9816924333572388
0.9671373963356018
0.9108170866966248
0.9215051531791687
0.9649708867073059
0.9463744163513184
0.9334100484848022
0.9876551628112793
0.9738406538963318
0.9556211233139038
1.0
0.9521140456199646
0.9829602837562561
0.958085298538208
0.9778614640235901
1.0
0.9692857265472412
0.9942062497138977
0.9421691298484802
0.8663551211357117
0.9811394214630127
1.0
1.0
1.0
0.9737190008163452
0.968245267868042
0.957603394985199
0.9290225505828857
0.9957147836685181
0.9904912710189819
1.0
1.0
0.9976164102554321
0.9935890436172485
1.0
1.0
0.9755991697311401
1.0
1.0
0.9577109217643738
1.0
1.0
0.98973548412323
1.0
0.9956762790679932
0.9787711501121521
0.9860019087791443
0.9404295086860657
0.9663640856742859
0.9582977294921875
1.0
1.0
0.9941751956939697
1.0
0.9826353192329407
0.9644032120704651
0.9584294557571411
0.9877546429634094
1.0
0.9768756031990051
1.0
0.9584969878196716
1.0
0.9911040663719177
0.9664757251739502
0.9712608456611633
1.0
1.0
0.9378799796104431
0.9183225035667419
0.9359853267669678
0.9359852075576782
0.9356464147567749
0.9129462838172913
0.9207053780555725
1.0018553733825684
0.9931342005729675
0.901878297328949
1.0011142492294312
0.967785120010376
0.972866952419281
0.8864073157310486
0.9172077178955078
0.935617208480835
0.9388879537582397
0.9583795070648193
0.9144701957702637
0.9957171082496643
1.0
1.0
1.0
1.0
0.9694345593452454
1.0
0.9488223791122437
0.9596723914146423
1.0
0.9897339344024658
0.9545071721076965
0.9522857069969177
0.9522855877876282
0.9749316573143005
0.9650087356567383
0.9462990760803223
0.9063429832458496
0.9418676495552063
0.9294981360435486
0.9271844625473022
0.9377794861793518
0.8982980847358704
0.9030524492263794
0.8824936151504517
0.9040829539299011
0.894412100315094
0.9738925099372864
1.0
0.9735416173934937
0.9504071474075317
0.9989705085754395
0.9632300734519958
0.9699075818061829
1.0
1.0
0.9916462898254395
0.9633123874664307
0.9583864808082581
0.9651492238044739
0.869350016117096
0.8705876469612122
0.9084696769714355
0.9838789105415344
1.0
0.9847849011421204
1.0
0.9402144551277161
0.9159687757492065
0.9849964380264282
0.986295223236084
0.9752143025398254
0.8974301815032959
0.8749566078186035
0.8666901588439941
0.8666898012161255
0.9345646500587463
0.9441064596176147
0.9579411745071411
0.92707359790802
0.976533830165863
0.9618800282478333
0.9798504710197449
0.9397702217102051
0.9654721617698669
0.9280600547790527
0.9264503121376038
0.9411081075668335
0.96892249584198
0.9543026685714722
0.9970974922180176
0.9178187847137451
0.9446948170661926
0.8746767640113831
0.951923131942749
0.9051622748374939
0.8983067870140076
0.8897420167922974
0.9152979850769043
0.938366174697876
0.9498193860054016
0.9424911141395569
0.8926507830619812
0.947989821434021
0.9446492791175842
0.9346645474433899
0.9470279812812805
0.9067310690879822
0.9432962536811829
0.9328039884567261
0.9521868824958801
0.9329710602760315
0.9276216626167297
0.9069610834121704
0.9133362174034119
0.9381652474403381
0.923954963684082
0.9279208779335022
0.9596270322799683
0.9265276193618774
0.883285403251648
0.9200918078422546
0.9540373682975769
0.8851482272148132
0.9098728895187378
0.956836998462677
0.9447243213653564
0.9332512617111206
0.909990668296814
0.9159086346626282
0.8884189128875732
0.9019713997840881
0.9278537631034851
0.9342677593231201
0.9244604110717773
0.8883786797523499
0.8709915280342102
0.9302500486373901
0.882783830165863
0.8697649240493774
0.8954687118530273
0.9353153109550476
0.8926722407341003
0.9013434052467346
0.9352278113365173
0.9171852469444275
0.9118510484695435
0.9390037059783936
0.9344433546066284
0.9079548716545105
0.8971267938613892
0.9714916944503784
0.9043000936508179
0.9405484795570374
0.9512220025062561
0.9118961691856384
0.9214131832122803
0.9277769923210144
0.9180142879486084
0.8766369819641113
0.9386041760444641
0.9386039972305298
0.9317569732666016
0.912216067314148
0.8652092814445496
0.9026997685432434
0.9153133630752563
0.8727074861526489
0.8991275429725647
0.8959872126579285
0.8714681267738342
0.9142269492149353
0.9009929895401001
0.9208662509918213
0.9503531455993652
0.9136782288551331
0.8851087093353271
0.9055123925209045
0.8801566362380981
0.8887913823127747
0.8975012898445129
0.9118044376373291
0.9183510541915894
0.9242885112762451
0.9119468927383423
0.8741978406906128
0.9342827796936035
0.9170488119125366
0.9230456352233887
0.9446662068367004
0.9026228785514832
0.9204009771347046
0.9259960651397705
0.9189416170120239
0.8964774012565613
0.8765770792961121
0.9492511749267578
0.8925917744636536
0.921124279499054
0.9159833788871765
0.8916380405426025
0.9567318558692932
0.9464164972305298
0.8923189640045166
0.9444847106933594
0.9343078136444092
0.9149367809295654
0.9179461002349854
0.8964752554893494
0.9228304624557495
0.8984946012496948
0.8973798751831055
0.9135645627975464
0.9014396071434021
0.9325881600379944
0.9118914008140564
0.8906368613243103
0.8815368413925171
0.8965362906455994
0.8965360522270203
0.8880147337913513
0.9168584942817688
0.9294923543930054
0.9573606252670288
0.9260435700416565
0.8964266777038574
0.9655824303627014
0.9128860235214233
0.9423757791519165
0.9562182426452637
0.9161819815635681
0.9360533952713013
0.8897419571876526
0.8999455571174622
0.9048998951911926
0.9395954608917236
0.9367426037788391
0.9419766664505005
0.8963111639022827
0.8981174230575562
0.9493731260299683
0.9229633808135986
0.9336960315704346
0.9632392525672913
0.8966226577758789
0.9181801676750183
0.925966203212738
0.8888731002807617
0.9202262163162231
0.9209353923797607
0.9209351539611816
0.8904563784599304
0.8956866264343262
0.9234156608581543
0.9221510291099548
0.931713342666626
0.9524136185646057
0.89692223072052
0.9474819302558899
0.9479825496673584
0.9170870780944824
0.9344351291656494
0.9625152945518494
0.9446485042572021
0.940811276435852
0.9412485957145691
0.9494465589523315
0.9017608761787415
0.9217800498008728
0.9438048601150513
0.9576162695884705
0.9606539607048035
0.950384795665741
0.9497342109680176
0.9559182524681091
0.9151427745819092
0.9663836359977722
0.970401406288147
0.9384907484054565
0.9411121010780334
0.9763160943984985
0.9512931108474731
0.9498720765113831
0.9298977255821228
0.9712962508201599
0.962510883808136
0.9385177493095398
0.9944987893104553
0.9466947317123413
0.9538522958755493
0.9031782746315002
0.9162740707397461
0.9591398239135742
0.9775353074073792
0.970084011554718
0.9689569473266602
0.9653730988502502
0.9152649641036987
0.9331884980201721
0.9172951579093933
0.9584978818893433
0.985919713973999
0.9339384436607361
0.9481397867202759
0.9594534635543823
0.9369614124298096
0.9484460353851318
0.9646987318992615
0.9187794923782349
0.9679676294326782
0.9231722354888916
0.9322426915168762
0.9590713381767273
0.8955483436584473
0.9292830228805542
0.9472982883453369
0.972618818283081
0.9114747047424316
0.9477320909500122
0.9510705471038818
0.9638285636901855
0.9356371164321899
0.9236265420913696
0.9711253643035889
0.9512186050415039
0.9460310935974121
0.8937585353851318
0.960039496421814
0.8875557780265808
0.9679349660873413
0.9304223656654358
0.8828383088111877
0.9253085255622864
0.9129115343093872
0.970503032207489
0.9610684514045715
0.9577205181121826
0.9034479856491089
0.9011073112487793
0.90474933385849
0.937796950340271
0.905794620513916
0.8895081877708435
0.9001466631889343
0.9497113823890686
0.9338544011116028
0.904420793056488
0.8906534910202026
0.9383790493011475
0.9175967574119568
0.8880564570426941
0.9118327498435974
0.9488502144813538
0.9348411560058594
0.8993300199508667
0.9364740252494812
0.9200931191444397
0.8975492119789124
0.9233121871948242
0.9529128670692444
0.8842369914054871
0.8960607051849365
0.9376258254051208
0.9479122161865234
0.910558819770813
0.9546092748641968
0.9527750015258789
0.9255135655403137
0.9795750379562378
0.9525855183601379
0.9359762668609619
0.912420928478241
0.9510846734046936
0.930429220199585
0.9957435727119446
0.9111934304237366
0.9784698486328125
1.0
0.9260227084159851
0.9308502674102783
0.965482234954834
0.9607983827590942
0.9792354106903076
0.9594554901123047
0.965042233467102
0.9913353323936462
0.9618650674819946
0.9345548152923584
0.9826293587684631
0.9570257663726807
0.9499609470367432
0.9144265651702881
0.9141255021095276
0.9495945572853088
0.960929811000824
0.9828632473945618
0.9206289052963257
0.9293374419212341
0.9591343402862549
0.8997883200645447
0.9319491982460022
0.9249064922332764
0.9504199028015137
0.9423090815544128
0.9793674349784851
0.9519042372703552
0.9324209094047546
0.9321267008781433
0.9520615339279175
0.9579722285270691
0.957423746585846
0.9734038710594177
0.9370526075363159
0.9738956093788147
0.9016844630241394
0.9640937447547913
0.9735528230667114
0.9735527634620667
1.0
0.923232913017273
0.968092143535614
0.9263636469841003
0.9711506366729736
0.9325706958770752
0.9716957807540894
0.9480136632919312
0.9739004969596863
0.9955078959465027
0.9397019147872925
0.9571940302848816
0.9232408404350281
0.9452251195907593
0.9685677289962769
0.9089099168777466
1.0
0.9503446817398071
0.9227092862129211
0.9790560007095337
0.9259436726570129
0.9621616005897522
0.972137987613678
0.9634093642234802
0.9669250249862671
0.9766926765441895
0.957909345626831
0.9454953670501709
0.9857837557792664
0.9878013134002686
0.9622207283973694
1.0
0.9687540531158447
0.9725742936134338
0.9700966477394104
0.9347152709960938
0.9014270305633545
0.9466363787651062
0.9103521704673767
0.9802573919296265
0.9300508499145508
0.9300506711006165
0.9214104413986206
0.9003574252128601
0.9072733521461487
0.9619544744491577
0.9747781157493591
0.8995854258537292
0.928005576133728
0.9963468909263611
0.9717108011245728
0.9799891114234924
0.9965367317199707
0.9852846264839172
0.9404544830322266
0.9286733865737915
0.9209311604499817
0.9977036714553833
1.0
1.0
0.9465534090995789
0.9769327044487
0.9513693451881409
0.9015461206436157
0.9171732068061829
0.9171731472015381
0.9499316215515137
0.9532840847969055
0.9434225559234619
1.0
1.0
0.98715740442276
0.9864192008972168
1.0
0.9780750870704651
0.9748750329017639
1.0
0.9971410036087036
0.9715573787689209
1.0
0.9753247499465942
0.9798358678817749
0.9313503503799438
1.0
0.9958531856536865
0.9549036026000977
0.9937110543251038
0.960250973701477
0.9986919164657593
0.940771222114563
0.9619242548942566
0.9781209230422974
0.9947220087051392
0.9568052887916565
0.9623345732688904
0.9279061555862427
0.9376824498176575
1.0
0.9580908417701721
0.9667731523513794
0.9883869290351868
0.9626284241676331
0.9699050784111023
0.9509905576705933
0.9603720307350159
0.9413453340530396
0.9225703477859497
0.9227399230003357
0.8927087783813477
0.9637038707733154
0.9368077516555786
0.9824408292770386
1.0
1.0
1.0
0.9661171436309814
1.0
0.9775612354278564
0.9739246368408203
0.9788355231285095
0.9358769059181213
1.0
1.0
1.0
0.9720033407211304
0.9814404249191284
0.9903721213340759
1.0
1.0
0.9743629693984985
0.951740562915802
0.9404699802398682
1.0
0.9864906668663025
0.916061520576477
1.0
0.9928138852119446
0.9707770943641663
0.9811350703239441
0.991320013999939
1.0
0.9464831352233887
1.0
1.0
0.9846727252006531
1.0
1.0
0.9756272435188293
0.9871642589569092
1.0
1.0
0.989499032497406
1.0
1.0
1.0
0.9527548551559448
0.9630246758460999
0.9127988815307617
0.9530532360076904
0.9679787755012512
1.0
1.0
1.0
0.9523573517799377
0.9552603363990784
0.9927113056182861
1.0
1.0
0.9788798689842224
0.9827945828437805
0.9884389638900757
1.0
1.0
0.9935387372970581
1.0
1.0
1.0
0.9862082004547119
0.9829561710357666
0.9743078351020813
0.917959988117218
1.0112911462783813
0.9540250897407532
1.0
0.9815650582313538
0.9815650582313538
0.9188865423202515
1.0101805925369263
1.0
1.0
1.0
1.0
0.9506760239601135
0.9683622717857361
1.0
1.0
0.9899053573608398
1.0
0.9417008757591248
0.9246004819869995
0.9300206899642944
0.9139930605888367
0.9316475987434387
0.975703239440918
1.0
1.0
1.0
0.9504450559616089
1.0
0.9347418546676636
1.0
0.998233437538147
1.0
1.0
1.0
0.9791626334190369
1.0
1.0
1.0
0.9828847050666809
0.9828847646713257
0.9960170984268188
0.9845466017723083
0.9843280911445618
0.9295501112937927
1.0131219625473022
0.9666352272033691
0.9797549843788147
0.9309155344963074
0.9055339097976685
0.9202208518981934
0.9911758303642273
1.0
1.0
1.0
1.0
0.9709752798080444
0.9709752202033997
0.9632036685943604
0.9552696943283081
0.99345463514328
0.9432170391082764
0.9871934056282043
0.9797890186309814
0.9891704320907593
0.9914684891700745
0.9622669816017151
0.971574604511261
0.9432066679000854
0.9904614686965942
1.0
1.0
0.9963613748550415
1.0
1.0
1.0
1.0
0.9979391694068909
0.9566600918769836
0.9409348964691162
1.0
0.9877834916114807
0.9637120366096497
0.9811621904373169
1.0
0.9829787015914917
0.9243406057357788
0.9568649530410767
0.9448973536491394
0.938589334487915
0.9472180008888245
0.9467385411262512
1.0169429779052734
1.0
0.9529100060462952
0.9322254061698914
1.006990671157837
1.0
0.9872370958328247
0.9744890332221985
0.9825144410133362
0.9715538620948792
0.9786126613616943
0.9423869848251343
0.917239785194397
0.9905911684036255
1.0
0.9874324798583984
0.9803621172904968
0.9532069563865662
1.0
0.9198848009109497
1.0
0.9337483048439026
0.9832298159599304
0.9550654888153076
0.959677517414093
1.0
0.9850290417671204
1.0
1.0
1.0
0.9516628980636597
0.9553068280220032
0.987155556678772
1.0
0.9736821055412292
0.9478984475135803
1.0230205059051514
1.0
0.985633134841919
0.985241174697876
0.9784241914749146
0.9358764886856079
0.9420806169509888
0.9671101570129395
0.9169841408729553
0.9086084365844727
0.914391040802002
0.994507908821106
0.991791307926178
0.9865076541900635
0.9865077137947083
1.0
0.9483855962753296
1.0
0.9744101762771606
0.9831556081771851
1.0
1.0
0.9971202611923218
0.9589634537696838
1.0
0.9584073424339294
1.0
1.0
1.0
1.0
0.9743631482124329
0.9797428846359253
0.9753264784812927
1.0
0.9929001927375793
0.9986250400543213
1.0
1.0
0.993589460849762
0.9643365144729614
0.9949396848678589
0.9672141075134277
1.0143266916275024
1.0
1.0
0.9399733543395996
0.9947825074195862
1.0
0.9853561520576477
0.9571205377578735
0.9514796137809753
0.9427477717399597
0.9536712169647217
0.9939234256744385
0.993503987789154
1.0
0.9549999237060547
1.0
0.9980378150939941
0.9833666086196899
0.9477738738059998
0.969856858253479
1.0
1.0
0.984095573425293
1.0
0.9186029434204102
0.9867231845855713
0.9394378066062927
0.9793124198913574
1.0
1.0
0.9646201729774475
0.9512239694595337
0.9821129441261292
0.9956403970718384
1.0
1.0
1.0
0.9899536967277527
0.9295929074287415
1.0
0.9759042263031006
0.9654860496520996
0.9654860496520996
0.9258184432983398
0.9667940139770508
0.972271740436554
0.9670685529708862
0.9511420130729675
0.931277871131897
0.9897662401199341
1.0
0.9827032089233398
0.9437351226806641
1.0
0.9696059823036194
0.9489153623580933
0.9311432242393494
0.9312574863433838
0.9101312756538391
0.9297140836715698
0.9297140836715698
1.0129202604293823
0.993888258934021
0.9580156803131104
0.9140129089355469
0.9570104479789734
0.9504612684249878
0.8994777798652649
0.9081534147262573
0.9013772010803223
0.9679226875305176
1.0
1.0
0.9842565059661865
0.9787811636924744
0.9118382334709167
0.9868689775466919
0.9969095587730408
0.9390879273414612
0.9927695393562317
0.9353060126304626
0.9755487442016602
0.9409192204475403
0.9509264826774597
0.9503933191299438
0.9652440547943115
0.9592369198799133
0.9382498264312744
0.953392744064331
0.9084351658821106
0.9751138091087341
0.9446924328804016
0.9180715084075928
0.9691001176834106
0.9550170302391052
0.9550169706344604
0.9529887437820435
0.9154565930366516
0.9722190499305725
0.9885354042053223
0.9743390083312988
0.9620864391326904
0.9666434526443481
0.9428852796554565
0.9319024682044983
0.9731581807136536
0.9872912764549255
1.0
0.9289640188217163
0.9576932191848755
1.0
0.9410068988800049
0.9462906718254089
0.9722943902015686
1.0
1.0
0.9926913380622864
1.0
1.0
0.9980592131614685
1.0
1.0
1.0
1.0
1.0
1.0
1.0
1.0
1.0
0.9668224453926086
0.9841075539588928
0.9733971953392029
0.9278975129127502
0.9117133617401123
0.9927816987037659
0.9884380102157593
0.9632964134216309
0.9115596413612366
0.932802677154541
0.9295423626899719
0.9115237593650818
0.9018319249153137
0.9149819016456604
0.9829820990562439
0.9749787449836731
1.0
1.0
0.986884593963623
1.0
0.991374671459198
0.9455799460411072
0.9956416487693787
1.0
0.9857296943664551
0.9529109001159668
0.9164077043533325
0.9164076447486877
0.9877610802650452
0.9322454333305359
0.9763073325157166
0.9738865494728088
0.9700539112091064
0.9550878405570984
0.9951415061950684
0.9832679033279419
0.9851070642471313
0.9982591271400452
1.0
1.0
0.9414695501327515
0.9693184494972229
0.9800027012825012
0.951734721660614
0.9517346620559692
0.982173502445221
1.0
0.9715543985366821
1.0
1.0
1.0
0.9878564476966858
1.0
0.9691516757011414
1.0
0.9913297891616821
0.9408696293830872
1.0
1.0
0.9603267312049866
0.9563195705413818
1.011337161064148
1.0
1.0
1.0
0.9552367329597473
0.9441807866096497
1.0166569948196411
0.999533474445343
0.9538809657096863
0.9621282815933228
1.0033466815948486
1.0
0.9531903862953186
0.9686371684074402
0.9817199110984802
0.9769540429115295
0.9617050886154175
0.9387781620025635
0.9050265550613403
1.0075068473815918
1.0
0.9517634510993958
0.9172036647796631
0.9174636006355286
0.9780126810073853
0.9501639604568481
0.9581633806228638
0.9578745365142822
0.9328731298446655
0.9100423455238342
0.9256503582000732
0.9116028547286987
0.9818691611289978
0.9837214350700378
1.0
0.994839608669281
1.0
0.9435667395591736
0.953780472278595
0.9914237856864929
0.9938979744911194
0.9559146165847778
1.0
0.991954505443573
0.9788244366645813
0.9399362206459045
0.9713724255561829
1.0
0.9357292056083679
0.9869683980941772
0.9315313100814819
0.9315312504768372
0.9334128499031067
0.9946568012237549
0.9800175428390503
1.0
0.9859936237335205
0.9739210605621338
0.942329466342926
0.9770162105560303
1.0
0.9135736227035522
0.9817888140678406
0.9920526742935181
1.0
0.9268350005149841
0.9524189829826355
0.9524189233779907
0.9938719272613525
1.0
0.9838566184043884
1.0
0.9751841425895691
0.9631158113479614
0.9607589244842529
0.985087513923645
1.0
0.9329037666320801
0.945689857006073
0.9264225959777832
0.9254564046859741
0.9202993512153625
0.9211132526397705
0.916162371635437
0.9415026307106018
0.9209154844284058
0.9157161712646484
0.9263728260993958
0.9207512140274048
0.9323709011077881
0.9489626288414001
0.9690335392951965
1.0
0.9703027606010437
1.0
1.0
0.9300525188446045
0.9652206301689148
0.9652206301689148
1.0
0.9701814651489258
0.9351523518562317
0.957989513874054
0.98846435546875
0.963333249092102
0.9667752981185913
0.9747841358184814
0.9665132164955139
0.9370511174201965
0.9882532358169556
1.0
1.0
1.0
1.0
0.9541418552398682
0.9991019368171692
1.0
1.0
1.0
0.994775652885437
0.9781556129455566
1.0
0.9876903891563416
1.0
1.0
1.0
1.0
0.9891713857650757
0.944365382194519
0.9196824431419373
1.0208356380462646
1.0
0.9348431825637817
0.9800525903701782
0.9768384099006653
0.9706267714500427
1.0
1.0
0.9491108059883118
1.0
1.0
0.9819191694259644
0.9506406784057617
0.9265158772468567
0.9274170398712158
0.9293451309204102
0.9269454479217529
1.0013086795806885
1.0
0.9506779313087463
0.9446711540222168
0.9475749731063843
1.0028618574142456
1.0
0.9574632048606873
1.0
0.956182599067688
0.9621172547340393
0.9655954241752625
0.9124564528465271
0.98626309633255
1.0
0.929409921169281
0.9562142491340637
0.9172757267951965
0.9419930577278137
1.0
0.9758829474449158
0.9548459649085999
0.9330532550811768
0.9267481565475464
0.8913690447807312
0.9345542788505554
0.9591416716575623
0.9121419191360474
0.9254167675971985
0.920283317565918
0.951331377029419
0.951331377029419
0.9611085057258606
0.9582385420799255
0.951846182346344
0.9328778982162476
0.9191423654556274
0.9022952914237976
0.9764834642410278
0.8944849967956543
0.9529836177825928
0.9120281934738159
0.9141547679901123
0.9928832054138184
1.0
0.9847106337547302
0.9342463612556458
1.0
1.0
0.9841667413711548
1.0
0.9945348501205444
0.941618025302887
1.0
0.9717459082603455
0.9789450764656067
0.9713647365570068
0.9664252400398254
1.0
0.9939426779747009
1.0
1.0
0.913870632648468
0.9209097623825073
0.9603169560432434
0.9603169560432434
0.9269158840179443
0.9382326602935791
0.9834467768669128
0.9347304105758667
0.9477939009666443
0.9961997866630554
0.975537121295929
0.9692435264587402
0.9291711449623108
0.962273120880127
0.9494646191596985
0.9686848521232605
1.0
0.967308521270752
0.9443157911300659
0.9385107159614563
0.9717775583267212
0.9133730530738831
0.9909332394599915
1.0
1.0
0.9148735404014587
0.9296411275863647
0.9658768773078918
0.9720390439033508
0.9220815896987915
0.9491987228393555
0.9451634287834167
0.961337149143219
0.9438613653182983
0.9466931819915771
0.937227725982666
0.932614266872406
0.9479607939720154
0.9027592539787292
0.9489405751228333
0.9276090860366821
0.9337379932403564
0.9406110048294067
0.9446133971214294
0.9297657608985901
0.9473801851272583
0.8976108431816101
0.9047028422355652
0.934750497341156
0.991348147392273
1.0
1.0
0.9883544445037842
1.0
0.9824547171592712
0.9547625780105591
0.999690592288971
0.9329448938369751
1.0
1.0
0.9908223748207092
0.9943969249725342
0.9257837533950806
0.9462820887565613
1.0
1.0
0.9956504702568054
0.949038565158844
0.9691669940948486
0.9484905004501343
1.0
0.995083749294281
0.9534195065498352
0.9328767657279968
0.9670449495315552
0.9497554302215576
0.9633842706680298
0.9183272123336792
0.9797836542129517
0.9478879570960999
0.9492706656455994
0.9464056491851807
0.9360348582267761
0.9230940341949463
0.9390494227409363
0.9148454070091248
0.9539448022842407
0.9227368831634521
0.9227368235588074
0.9227367639541626
0.9400383830070496
1.0
1.0
1.0
0.950891375541687
1.0
0.9805985689163208
