0.9280115962028503
0.862243115901947
0.9326176643371582
0.9040486216545105
0.9195371270179749
0.9133287668228149
0.8638006448745728
0.9222574830055237
0.8666601181030273
0.9037683010101318
0.8855238556861877
0.9161937832832336
0.8701916337013245
0.8714966177940369
0.8560827970504761
0.8721747398376465
0.8763003945350647
0.8563665747642517
0.8767208456993103
0.9702301025390625
1.0
1.0
0.9854167699813843
1.0
1.0
0.9954549074172974
1.0
0.9143215417861938
0.9943165183067322
0.9814517498016357
0.9908484220504761
0.958167314529419
0.9511414766311646
0.9897497296333313
0.9365101456642151
0.9925975203514099
0.976010799407959
0.9837368726730347
0.9815273284912109
0.9834039807319641
0.9848038554191589
0.9887209534645081
0.9732641577720642
0.9953644275665283
0.9852656722068787
0.9630407691001892
0.9735984206199646
0.943852961063385
0.908098042011261
0.9213561415672302
0.985142707824707
0.9571738243103027
0.9494796991348267
0.9714505076408386
0.9353368878364563
0.9850061535835266
0.9079588055610657
0.9248326420783997
0.8900502920150757
0.9120422005653381
0.9779751896858215
0.9236501455307007
0.8978123068809509
0.8787027597427368
0.9194974899291992
0.8754515647888184
0.9241699576377869
0.9612120985984802
0.9708520770072937
0.927120566368103
0.9504345059394836
0.9059019684791565
0.9303999543190002
0.9641929864883423
0.9511528015136719
0.9007107019424438
0.996216356754303
0.9363166093826294
0.8907204270362854
0.9431810975074768
0.9493176341056824
0.9357903599739075
0.9500146508216858
0.9780600666999817
0.9094371199607849
0.8809216618537903
0.9256719946861267
0.9198302030563354
0.9428464770317078
0.9345044493675232
0.9098379015922546
0.9948767423629761
0.9770954847335815
0.9980466365814209
0.9980465769767761
1.0
1.0
0.9708859920501709
1.0
0.9963924288749695
1.0
0.986085832118988
1.0
0.9913919568061829
0.9461274743080139
1.0
0.9584193229675293
0.9743478894233704
0.9620980620384216
0.9432954788208008
0.9002658128738403
0.980811595916748
1.0
1.0
0.9705655574798584
1.0
1.0
0.9371684789657593
0.9448102712631226
1.0
1.0
1.0
1.0
1.0
1.0
1.0
1.0
0.9592453837394714
1.0
1.0
0.9452192187309265
0.9460167288780212
0.9620763659477234
0.9556623697280884
1.0
1.0
0.9556631445884705
0.9859110713005066
1.0
0.9866744875907898
0.9704153537750244
0.9282844066619873
0.9209131598472595
0.9884137511253357
0.9853115677833557
1.0
0.9095010757446289
0.8806626200675964
0.9566644430160522
1.0
0.9782818555831909
0.9737388491630554
0.9489604830741882
0.9658864736557007
0.9756678938865662
0.955322265625
0.942013680934906
0.9180507063865662
0.9625546336174011
0.9764814376831055
0.9797101020812988
0.98722243309021
1.0
0.9621709585189819
0.8914254307746887
0.9900951385498047
0.9120871424674988
1.0
1.0
0.9681840538978577
0.9921663999557495
0.923623263835907
0.9976505041122437
1.0
0.9773687720298767
0.9997274279594421
1.0
0.9768337607383728
0.968327522277832
1.0
1.0
1.0
1.0
0.9742948412895203
0.9427649974822998
0.9620091319084167
0.9583758115768433
0.9306643009185791
0.9454960823059082
0.9981971383094788
1.0
0.9773595333099365
0.9786086082458496
1.0
0.9409430027008057
0.9223579168319702
0.8941308856010437
0.9308371543884277
0.9103464484214783
0.9594660997390747
0.9332320094108582
0.9521730542182922
0.9072489738464355
0.9249234199523926
0.939552903175354
0.9847410321235657
0.9312668442726135
0.9655591249465942
1.0
1.0
1.0
1.0
0.9810652732849121
1.0
0.9520664215087891
0.9389895796775818
0.9029132723808289
0.8842769861221313
0.9656740427017212
0.9697003364562988
0.9405592679977417
0.9657595157623291
1.0
0.9284607172012329
0.9685707688331604
0.9375758171081543
0.9437733888626099
0.9385082125663757
0.96052086353302
0.990574300289154
1.0
0.9051312208175659
0.9763656854629517
0.9575687646865845
0.9751182794570923
1.0
0.9692060351371765
0.9249336123466492
0.9163287878036499
0.9163286089897156
0.922883152961731
0.9274337887763977
0.957502007484436
0.9970025420188904
1.0
0.925165593624115
0.9600771069526672
0.9570777416229248
0.8818384408950806
0.973909318447113
1.0
1.0
0.9498633742332458
0.8963180184364319
0.8757522702217102
0.8801411986351013
0.9542281031608582
0.9960091710090637
0.9067421555519104
0.9278433322906494
1.0
1.0
0.9802424907684326
0.9653282165527344
0.9407671689987183
0.9798479676246643
0.8723072409629822
0.8963361382484436
0.9602257013320923
0.8891697525978088
0.8961002826690674
0.9238196611404419
0.9467403888702393
0.9175952076911926
0.9323441982269287
0.9847592115402222
0.9315056204795837
0.9651275873184204
0.8709821701049805
0.8573712706565857
0.875371515750885
0.8753711581230164
0.9845163822174072
0.8909783959388733
0.981783390045166
0.879347026348114
0.9765629768371582
0.9473941326141357
0.9676069021224976
0.9452442526817322
0.9633802175521851
0.9111471176147461
0.9097291231155396
0.9379678964614868
0.9858238697052002
0.9668710827827454
1.0
0.9267431497573853
0.8950210809707642
0.8934102654457092
0.963005542755127
0.8912805318832397
0.9297095537185669
0.9110363721847534
0.9599339962005615
0.9448860883712769
0.9507396221160889
0.9728381037712097
0.9241129755973816
0.9591657519340515
0.9792826771736145
0.9335798025131226
0.9650511741638184
0.8968470096588135
0.9565207362174988
0.9471765756607056
0.998077392578125
0.9064232110977173
0.9651178121566772
0.8850824236869812
0.9141302704811096
0.96222323179245
0.9246765971183777
0.9382742643356323
0.9443938136100769
0.9205606579780579
0.878274142742157
0.852383553981781
0.923827052116394
0.8732399344444275
0.8527722358703613
0.9556635022163391
0.9063553214073181
0.9257622957229614
0.8763973116874695
0.9285855889320374
0.8692067265510559
0.928227424621582
0.9386399984359741
0.9584957957267761
0.9330366253852844
0.8599188923835754
0.8485880494117737
0.9363217949867249
0.8724594116210938
0.8571193814277649
0.9318655729293823
0.9367236495018005
0.9243627190589905
0.9083079695701599
0.9467012882232666
0.9307589530944824
0.9323687553405762
0.9394723176956177
0.9232267737388611
0.9294408559799194
0.8881477117538452
0.9876774549484253
0.9098150134086609
0.9717803597450256
0.9684143662452698
0.8922716975212097
0.8759379982948303
0.944054365158081
0.9432830810546875
0.887565016746521
0.9293472766876221
0.929347038269043
0.9424225687980652
0.8841248154640198
0.8828112483024597
0.9141144752502441
0.960503101348877
0.8644958138465881
0.9089633822441101
0.9331453442573547
0.8902645111083984
0.9514875411987305
0.9216418266296387
0.9805163145065308
0.9854307174682617
0.9176304936408997
0.9265550971031189
0.9046468734741211
0.9112724661827087
0.9388023018836975
0.8911651968955994
0.941154420375824
0.9861813187599182
0.9580931067466736
0.9536240100860596
0.8913944959640503
0.973527729511261
0.9060691595077515
0.9559197425842285
0.980340838432312
0.9282129406929016
0.913993239402771
0.8949345946311951
0.9442718625068665
0.9066991209983826
0.8670564889907837
0.9577421545982361
0.9040725827217102
0.8783438205718994
0.9327002763748169
0.8930749297142029
0.9692627191543579
0.9261438846588135
0.8816187381744385
0.9530621767044067
0.8974920511245728
0.8941465020179749
0.9175917506217957
0.9081185460090637
0.9073385000228882
0.8997550010681152
0.9256053566932678
0.8935086131095886
0.9205095171928406
0.9354481101036072
0.9241199493408203
0.9015083909034729
0.8672143816947937
0.8940613865852356
0.8940610885620117
0.890679121017456
0.9104611873626709
0.9521124362945557
0.9860265851020813
0.9231094121932983
0.9415605068206787
0.9609429240226746
0.9428213238716125
0.9121050834655762
0.9913069009780884
0.9302347302436829
0.9953768849372864
0.8983941078186035
0.9436527490615845
0.9470189213752747
0.9433193206787109
0.9598292112350464
1.0
0.9465048313140869
0.9239792227745056
1.0
0.9672746658325195
0.9555765986442566
1.0
0.9044834971427917
0.9460538029670715
0.9417344331741333
0.9069676995277405
0.9393687844276428
0.9289740324020386
0.9289737939834595
0.8852532505989075
0.916964054107666
0.8884159922599792
0.8980415463447571
0.9435727000236511
0.9530630707740784
0.8912115693092346
0.9446894526481628
0.8992652893066406
0.8972635865211487
0.9121190309524536
0.9073348045349121
0.9289455413818359
0.8809096217155457
0.91065514087677
0.9080060124397278
0.86667799949646
0.9036508798599243
0.9282931685447693
0.927809476852417
0.9307998418807983
0.9208336472511292
0.9251808524131775
0.884097158908844
0.8723013997077942
0.9395573139190674
0.9499844312667847
0.9107708930969238
0.9318681955337524
0.92989581823349
0.8828690052032471
0.9332606792449951
0.890140950679779
0.9138917922973633
0.935532808303833
0.90333491563797
0.9707041382789612
0.9170529246330261
0.9645071029663086
0.8704443573951721
0.9111826419830322
0.9297982454299927
0.9673260450363159
0.9587609767913818
0.9438289999961853
0.9562888741493225
0.9126175045967102
0.887078046798706
0.9047563672065735
0.938681960105896
0.9711634516716003
0.9182318449020386
0.972438633441925
0.8978843092918396
0.8725952506065369
0.9425574541091919
0.9647568464279175
0.909968912601471
0.9686805009841919
0.9172095060348511
0.8863474130630493
0.940226137638092
0.8641860485076904
0.8885038495063782
0.98862224817276
0.9799891710281372
0.8921120166778564
0.9349711537361145
0.9276918172836304
0.9454638361930847
0.8844756484031677
0.8745290637016296
0.9547047019004822
0.9248872995376587
0.923299252986908
0.9066534042358398
0.9234594106674194
0.964214026927948
1.0
0.9225482940673828
0.9206046462059021
0.9734225273132324
0.9613514542579651
0.9944850206375122
0.9659559726715088
0.9956492781639099
0.9466914534568787
0.9260089993476868
0.9497973918914795
0.9837155938148499
0.9661877751350403
0.9296098351478577
0.9402700662612915
1.0
0.9676139950752258
0.9491445422172546
0.8944481611251831
0.9753189086914062
0.947579562664032
0.9021320939064026
0.9495903849601746
0.9767258763313293
0.9639506340026855
0.9383659958839417
0.9738541841506958
0.9343308806419373
0.9029536843299866
0.9439926147460938
0.9880095720291138
0.9182352423667908
0.9479836225509644
0.9800504446029663
0.9270567297935486
0.9234418869018555
0.9810033440589905
0.975252091884613
0.9629701972007751
0.9822872281074524
0.9156380891799927
0.9453028440475464
0.9341877102851868
0.9576040506362915
0.9272766709327698
1.0
0.8999518156051636
0.9791096448898315
1.0
0.9479334950447083
0.8756613731384277
0.980751097202301
0.9698790907859802
0.9773859977722168
0.8958771228790283
0.9721329808235168
0.9802218675613403
0.9003456234931946
0.8988385200500488
0.9694913625717163
0.9545792937278748
0.9642359614372253
0.9083256721496582
0.9214395880699158
0.9721472263336182
0.9663307666778564
0.9641051292419434
0.9109112620353699
0.8749157786369324
0.9367579817771912
0.8697904944419861
0.8762532472610474
0.8702492117881775
0.8945341110229492
0.8547084927558899
0.9654240012168884
0.9593821167945862
0.9187572598457336
0.8655997514724731
0.9498282670974731
0.9548892974853516
0.9474573731422424
0.9600583910942078
0.9213634133338928
0.9773589372634888
0.8993414640426636
0.9634677171707153
0.9993062615394592
0.9993062615394592
0.9981591105461121
0.9632437229156494
1.0
0.9675763845443726
0.9895308613777161
0.8941877484321594
0.9976342916488647
0.9204853773117065
1.0
0.9919997453689575
0.9142436385154724
0.9597665071487427
0.9058974385261536
0.8969809412956238
0.9563049674034119
0.8753353357315063
1.0
0.919403612613678
0.9208679795265198
0.9692208766937256
0.9341179132461548
0.954742431640625
0.9782608151435852
0.9826211333274841
0.9533416628837585
0.9671995639801025
0.8742364048957825
0.8940903544425964
0.9533928632736206
0.9583359360694885
0.9247947931289673
0.93040931224823
0.8818427920341492
0.9467394948005676
0.9402859210968018
0.9380186796188354
0.8663120269775391
0.9597798585891724
0.9019281268119812
0.9413985013961792
0.8509771823883057
0.8509767055511475
0.8598666191101074
0.8624672293663025
0.894525945186615
0.9587169289588928
0.9388457536697388
0.874223530292511
0.9439261555671692
0.926599383354187
0.9816523790359497
1.0
0.997093915939331
1.0
0.9679915904998779
0.95480877161026
0.9378687143325806
0.9881904721260071
1.0
1.0
0.93506920337677
0.9658727049827576
0.936923086643219
0.9970090389251709
1.0
1.0
0.9590930938720703
0.9651352763175964
0.9431245923042297
0.9516280889511108
0.9683470726013184
0.9485424757003784
0.9925175905227661
0.995966911315918
0.9819564819335938
0.9503532648086548
0.9982298612594604
0.9977045655250549
0.9697059988975525
0.9930088520050049
0.9772301912307739
0.9617742896080017
0.9235376119613647
0.9877797961235046
0.9763187766075134
0.9695468544960022
0.9893605709075928
0.9488458633422852
0.9872788786888123
0.9407060742378235
0.9724758863449097
0.9984246492385864
0.9986757040023804
0.9667985439300537
0.9543082118034363
0.9267029166221619
0.9540683627128601
1.0
0.9581918716430664
0.9729495644569397
0.97528076171875
0.9628627896308899
0.9542449712753296
0.9369608759880066
0.9500666856765747
0.9278155565261841
0.9290253520011902
0.9258463382720947
0.9918807148933411
1.0
0.9613081216812134
0.9087751507759094
0.9594849944114685
0.9948295950889587
0.9948295950889587
0.9480511546134949
0.9961742162704468
0.9926818609237671
0.954373836517334
0.9587661027908325
0.9235957264900208
0.9894939064979553
0.9940433502197266
1.0
0.9800631999969482
0.9832091927528381
1.0
1.0
1.0
0.9656079411506653
0.9660388827323914
0.9202115535736084
1.0
0.9781115651130676
1.0038336515426636
1.0
1.0
0.9665094614028931
1.008243441581726
1.0
1.0
0.9093215465545654
1.0
0.9320783615112305
0.953340470790863
0.9495152831077576
1.0
0.9763944149017334
0.9787924885749817
1.0
1.0
1.0
1.0
0.9721350073814392
1.0
0.9602310657501221
0.9712247848510742
0.9842169880867004
0.9382157921791077
0.9829539060592651
0.9638231992721558
1.0199954509735107
1.0
0.9953718185424805
0.9652040600776672
0.9854461550712585
1.0
0.9917250275611877
0.9538187980651855
0.9485791325569153
0.9917144179344177
1.0
0.9898332953453064
1.0
1.0
0.9508137106895447
1.0
0.9629145860671997
0.9983235597610474
0.9949871301651001
0.9212437272071838
0.9247493743896484
0.9741799831390381
1.0
0.9886250495910645
0.9886250495910645
0.9284782409667969
0.9564542174339294
0.9670745730400085
1.0
1.0
1.0
0.977107048034668
0.9898928999900818
1.0
1.0
0.9696975946426392
1.0
0.9298356175422668
0.9263988733291626
0.9344898462295532
1.0085234642028809
1.0
0.9251258969306946
0.9623276591300964
1.0
0.9961186647415161
0.9258582592010498
0.9418636560440063
0.9998343586921692
1.0
1.0
1.0
1.0
1.0
0.9553239345550537
1.0
0.9969092011451721
1.0
0.9665491580963135
0.9665491580963135
1.0
0.9731412529945374
0.997291088104248
0.9461259841918945
0.9320024847984314
1.0107674598693848
1.0
0.9641939997673035
0.9502117037773132
0.9709463119506836
0.9622653126716614
0.9868858456611633
0.9646687507629395
1.0
1.0
0.9585766196250916
0.9585766196250916
0.9447032809257507
0.9687532186508179
1.0
0.9577758312225342
0.9915720224380493
0.9554981589317322
0.951875627040863
0.961605429649353
0.9300311207771301
0.9498968720436096
0.9282377362251282
1.0052666664123535
1.0
1.0
0.9651909470558167
1.0
1.0
0.9916958212852478
1.0
0.9788331389427185
0.9397000074386597
1.0152666568756104
1.0
0.9562827348709106
0.9589483737945557
0.968307375907898
1.0
0.996707558631897
0.9300817847251892
0.9823134541511536
0.9638554453849792
1.0
0.9662395715713501
0.9493369460105896
0.9515772461891174
0.9545034170150757
0.9432973861694336
0.9383414387702942
0.9260321855545044
0.969359278678894
0.9588515758514404
0.9519275426864624
0.9709780812263489
0.9646614193916321
0.9979075789451599
0.9502305388450623
0.9587752819061279
1.0153616666793823
1.0
1.0
0.9446731209754944
0.9095543026924133
1.0
0.9476470947265625
0.9909771680831909
0.9144570827484131
0.9524928331375122
0.9192963242530823
1.0086867809295654
1.0
1.0
0.969893217086792
0.9920294880867004
1.0
0.9833906292915344
0.9365915060043335
1.0
1.0
1.0
0.9697694182395935
0.9603596329689026
0.9328079223632812
0.9233716726303101
0.9440577626228333
0.9421573877334595
1.016657829284668
1.0
1.0
0.9529601335525513
0.9827314019203186
0.9709485769271851
0.9762706756591797
1.0
0.9658432006835938
0.9658432006835938
0.9682987332344055
0.9276482462882996
0.9648629426956177
0.9359866976737976
0.9430107474327087
0.9783855676651001
0.9421055912971497
0.9860580563545227
0.931854248046875
0.9178762435913086
0.9303323030471802
0.9671108722686768
0.9999169707298279
0.9521768093109131
1.0
0.9906916618347168
0.9733312129974365
1.0
1.0
0.9581284523010254
1.0
0.9972431659698486
1.0
1.0
0.9719929099082947
0.9959056973457336
0.969203531742096
0.9240462779998779
0.9371600151062012
1.0179102420806885
1.0
0.9283875226974487
0.979255199432373
0.9599656462669373
0.9537794589996338
0.9869896769523621
0.9898027181625366
0.9805821776390076
1.0
0.9545096158981323
0.9733847975730896
1.0141104459762573
1.0
0.9769209027290344
0.9870923757553101
0.9440944790840149
0.9500278830528259
0.9212228059768677
0.9484346508979797
0.9320306777954102
0.9311135411262512
1.0120574235916138
1.0
0.9161041975021362
0.9521494507789612
0.9612424969673157
0.9866297245025635
0.9794377684593201
0.9721895456314087
1.0
1.0
0.9419170618057251
0.9918729066848755
0.9910953044891357
0.9750833511352539
0.930770754814148
0.9719409346580505
0.9823678731918335
0.9186248183250427
0.9186248183250427
1.0160481929779053
1.0
0.9785987734794617
1.0
0.9467902183532715
0.9544546008110046
0.9298610687255859
0.932153582572937
0.9226160049438477
1.0015734434127808
1.0
0.9860537052154541
1.0
0.9660431146621704
0.9821339845657349
0.973160445690155
0.9973877668380737
0.9973877668380737
1.0
1.0
0.9793281555175781
0.9733163118362427
0.9694929122924805
0.968343198299408
0.915237545967102
0.9692980647087097
0.9351438283920288
0.9144951105117798
0.9537563323974609
0.948857307434082
0.9203464388847351
0.9432309865951538
0.9973063468933105
1.0
0.9929170608520508
0.9484545588493347
1.0
0.9348582029342651
1.0
0.9898344874382019
0.9404717087745667
0.9561880230903625
0.9895901679992676
0.9517158269882202
0.904440701007843
0.9436046481132507
0.9425690770149231
0.9907185435295105
0.9833626747131348
0.967505931854248
0.9824488162994385
0.9768925905227661
0.9768925905227661
0.9798759818077087
0.9616354703903198
1.0
1.0
0.9977536797523499
0.9714444875717163
0.9779662489891052
0.9679601192474365
0.9478852152824402
0.9772012829780579
0.9860762357711792
0.9777606725692749
0.936180591583252
0.9558258056640625
1.0
0.9154438972473145
0.9193457961082458
0.9480077624320984
0.9677079319953918
1.0
0.9975585341453552
1.0
1.0
0.9731693267822266
0.9852020740509033
0.9841243624687195
0.976641833782196
1.0
0.9534294009208679
0.9822590351104736
1.0
1.0
0.9846932888031006
0.9606419801712036
0.9755902290344238
0.9733332395553589
0.9379107356071472
0.9319016933441162
1.0103377103805542
1.0
0.9823605418205261
0.9497889876365662
0.9605296850204468
0.9696286916732788
0.9390358328819275
0.9899879693984985
0.9832763075828552
0.9496824145317078
0.953391432762146
0.9974517226219177
1.0
1.0
1.0
1.0
0.9487813115119934
0.9527790546417236
0.9585655331611633
0.9541576504707336
0.929082453250885
0.9156750440597534
0.9156749844551086
0.9487513899803162
0.9146239161491394
0.9738708138465881
1.00935697555542
0.9815696477890015
1.0
0.9915589094161987
0.9974809885025024
1.0
0.9736917614936829
1.0
0.9849901795387268
0.9609659910202026
1.0
0.9518377780914307
0.9541805982589722
0.9541805982589722
1.0
1.0
0.9158959984779358
1.0
1.0
1.0
0.9555503726005554
0.9811159372329712
0.9745928645133972
1.0
0.9878007769584656
0.9790778756141663
1.0
1.0
0.9573830366134644
0.9562033414840698
0.9949213862419128
1.0
1.0
1.0
0.9680167436599731
1.0
0.9619207978248596
0.9604243040084839
1.0140568017959595
0.9954103827476501
0.9690327644348145
1.0
0.9819046854972839
1.0
1.0
0.9997913837432861
0.9955816268920898
0.9946125745773315
1.0
0.9595907926559448
0.9958961606025696
0.9626034498214722
0.9827133417129517
0.9724411368370056
0.993993878364563
0.954695463180542
0.9686069488525391
0.9363577365875244
0.9199711680412292
0.993922233581543
0.982728123664856
0.9683802127838135
0.9371159672737122
0.9424839019775391
0.9815531373023987
0.991599977016449
1.0
0.9150928854942322
0.9375394582748413
0.9585959315299988
0.9540638327598572
0.9266918301582336
0.9517652988433838
0.9305539727210999
0.9432777166366577
1.0099693536758423
1.0
0.981134295463562
0.9444223046302795
0.9730032086372375
0.9556801319122314
0.9556801319122314
0.9319642782211304
0.9781419038772583
0.9248340725898743
0.9926540851593018
0.9611228108406067
0.9545208215713501
0.9205567836761475
0.9407050609588623
1.0
0.9409250617027283
0.9464617967605591
1.0
1.0
1.0005146265029907
1.0
1.0
1.0
1.0
0.9681059718132019
0.9793769717216492
0.998458981513977
0.9987664222717285
1.0
0.9181221723556519
1.0
0.9375508427619934
0.9686129093170166
0.9400895833969116
0.9771006107330322
0.9522120952606201
0.965322732925415
0.9723159670829773
0.9932830333709717
0.9760568141937256
0.9820418357849121
1.0
0.9806506037712097
0.9871049523353577
0.9449440836906433
0.9710099697113037
1.0
0.9585849642753601
0.949918270111084
0.989348292350769
0.9348792433738708
0.9692472815513611
0.9692472815513611
0.9740598797798157
0.9369781613349915
0.9948928356170654
1.0
1.0
0.9815332293510437
0.9891207814216614
0.9812843799591064
0.9962832927703857
0.9555749893188477
1.0
1.0
0.9766642451286316
0.9900256991386414
1.0
0.9754055142402649
0.933577835559845
0.9564448595046997
0.9735727310180664
1.0
0.9791055917739868
0.9540278911590576
1.0
0.9731897115707397
0.9913218021392822
1.0
0.9609031677246094
0.9672671556472778
0.993391215801239
0.9530717134475708
0.9750910401344299
0.9442355632781982
0.991433322429657
0.9219736456871033
0.9709712266921997
0.9601377248764038
0.9972569942474365
1.0
1.0
0.9129672646522522
0.9889358282089233
0.994752049446106
1.0
0.9472320675849915
0.9420777559280396
0.9543070793151855
0.9314951300621033
0.9594462513923645
0.9425109624862671
0.9933108687400818
0.9499461650848389
1.0
1.0
0.9638643860816956
0.9689748883247375
0.9490490555763245
0.9617211222648621
0.9484050869941711
0.9664955735206604
0.987233579158783
0.9443414211273193
1.0075085163116455
1.0
1.0120267868041992
1.0
0.9543654322624207
0.9430952072143555
0.9979934692382812
0.9982288479804993
0.9878695607185364
0.9389652013778687
0.9171482920646667
1.002850890159607
1.0
1.0
0.971430778503418
0.9909903407096863
0.9820020794868469
1.0
1.0
0.9952808618545532
0.9906376600265503
0.9993768930435181
0.9799627661705017
0.9772688746452332
0.9583592414855957
1.0
0.9308999180793762
0.9550288915634155
0.9313039779663086
0.9209550619125366
0.9220142960548401
0.9632323384284973
0.930462121963501
0.9977227449417114
1.0
1.0
0.9263849854469299
1.0
0.9485577344894409
0.9090835452079773
0.9669934511184692
0.931996762752533
0.9793611168861389
0.9803752303123474
0.9536113142967224
0.9943670034408569
0.9587593078613281
1.0
0.9888576865196228
0.9042229652404785
0.9406570196151733
0.9902259707450867
0.9902259707450867
0.9300364851951599
0.9260256886482239
1.0
0.9521082043647766
0.9644706845283508
1.0
0.9849368929862976
0.9630364775657654
0.9449698328971863
0.9570372700691223
0.9558050632476807
0.9568102955818176
1.0
0.9856663942337036
0.9658846855163574
0.9652112722396851
0.9882460832595825
0.9726773500442505
0.966218888759613
0.9824789762496948
0.99910968542099
0.933190643787384
0.9545692801475525
0.9891012907028198
0.9656710028648376
0.9147701263427734
0.936693012714386
0.9587113261222839
0.9612756967544556
0.9634186625480652
0.9639766812324524
0.9449122548103333
0.9437264800071716
0.9569804668426514
0.924525260925293
0.9539412260055542
0.9295029640197754
0.9203729629516602
0.9642242789268494
0.9527042508125305
0.9214118719100952
0.9368351101875305
1.0095266103744507
1.0
1.0
0.9251933097839355
0.961773693561554
1.0
0.9474148154258728
1.0
0.9948257803916931
0.9465079307556152
0.9898913502693176
0.9418880343437195
1.0
0.9709102511405945
0.9944567680358887
0.9762730002403259
0.939378559589386
0.932473361492157
0.9954805970191956
1.0
0.9902944564819336
0.9401663541793823
0.9375025033950806
0.9440498352050781
1.0
0.9895508885383606
0.9624395370483398
0.9410908222198486
0.9565829634666443
0.9674283862113953
0.9849053621292114
0.9615921974182129
1.0
0.9818623661994934
0.9720011949539185
0.9702397584915161
0.9457448720932007
0.9324440360069275
0.9711201190948486
0.9371947050094604
0.9781312346458435
0.9469174146652222
0.9469173550605774
0.9469172954559326
0.968735933303833
1.0
1.0
1.0
0.9411552548408508
1.0
1.0
