0.9280115962028503
0.862243115901947
0.9326176643371582
0.9040486216545105
0.9195371270179749
0.9133287668228149
0.8638006448745728
0.9222574830055237
0.8666601181030273
0.9037683010101318
0.8855238556861877
0.9161937832832336
0.8701916337013245
0.8714966177940369
0.8560827970504761
0.8721747398376465
0.8763003945350647
0.8563665747642517
0.8767208456993103
0.9702301025390625
1.0
1.0
0.9854167699813843
1.0
1.0
0.9954549074172974
1.0
0.9143215417861938
0.9943165183067322
0.9814517498016357
0.9908484220504761
0.958167314529419
0.9511414766311646
0.9897497296333313
0.9365101456642151
0.9925975203514099
0.976010799407959
0.9837368726730347
0.9815273284912109
0.9834039807319641
0.9848038554191589
0.9887209534645081
0.9732641577720642
0.9953644275665283
0.9852656722068787
0.9630407691001892
0.9735984206199646
0.943852961063385
0.908098042011261
0.9213561415672302
0.985142707824707
0.9571738243103027
0.9494796991348267
0.9714505076408386
0.9353368878364563
0.9850061535835266
0.9079588055610657
0.9248326420783997
0.8900502920150757
0.9120422005653381
0.9779751896858215
0.9236501455307007
0.8978123068809509
0.8787027597427368
0.9194974899291992
0.8754515647888184
0.9241699576377869
0.9612120985984802
0.9708520770072937
0.927120566368103
0.9504345059394836
0.9059019684791565
0.9303999543190002
0.9641929864883423
0.9511528015136719
0.9007107019424438
0.996216356754303
0.9363166093826294
0.8907204270362854
0.9431810975074768
0.9493176341056824
0.9357903599739075
0.9500146508216858
0.9780600666999817
0.9094371199607849
0.8809216618537903
0.9256719946861267
0.9198302030563354
0.9428464770317078
0.9345044493675232
0.9098379015922546
0.9948767423629761
0.9770954847335815
0.9980466365814209
0.9980465769767761
1.0
1.0
0.9708859920501709
1.0
0.9963924288749695
1.0
0.986085832118988
1.0
0.9913919568061829
0.9461274743080139
1.0
0.9584193229675293
0.9743478894233704
0.9620980620384216
0.9432954788208008
0.9002658128738403
0.980811595916748
1.0
1.0
0.9705655574798584
1.0
1.0
0.9371684789657593
0.9448102712631226
1.0
1.0
1.0
1.0
1.0
1.0
1.0
1.0
0.9592453837394714
1.0
1.0
0.9452192187309265
0.9460167288780212
0.9620763659477234
0.9556623697280884
1.0
1.0
0.9556631445884705
0.9859110713005066
1.0
0.9866744875907898
0.9704153537750244
0.9282844066619873
0.9209131598472595
0.9884137511253357
0.9853115677833557
1.0
0.9095010757446289
0.8806626200675964
0.9566644430160522
1.0
0.9782818555831909
0.9737388491630554
0.9489604830741882
0.9658864736557007
0.9756678938865662
0.955322265625
0.942013680934906
0.9180507063865662
0.9625546336174011
0.9764814376831055
0.9797101020812988
0.98722243309021
1.0
0.9621709585189819
0.8914254307746887
0.9900951385498047
0.9120871424674988
1.0
1.0
0.9681840538978577
0.9921663999557495
0.923623263835907
0.9976505041122437
1.0
0.9773687720298767
0.9997274279594421
1.0
0.9768337607383728
0.968327522277832
1.0
1.0
1.0
1.0
0.9742948412895203
0.9427649974822998
0.9620091319084167
0.9583758115768433
0.9306643009185791
0.9454960823059082
0.9981971383094788
1.0
0.9773595333099365
0.9786086082458496
1.0
0.9409430027008057
0.9223579168319702
0.8941308856010437
0.9308371543884277
0.9103464484214783
0.9594660997390747
0.9332320094108582
0.9521730542182922
0.9072489738464355
0.9249234199523926
0.939552903175354
0.9847410321235657
0.9312668442726135
0.9655591249465942
1.0
1.0
1.0
1.0
0.9810652732849121
1.0
0.9520664215087891
0.9389895796775818
0.9029132723808289
0.8842769861221313
0.9656740427017212
0.9697003364562988
0.9405592679977417
0.9657595157623291
1.0
0.9284607172012329
0.9685707688331604
0.9375758171081543
0.9437733888626099
0.9385082125663757
0.96052086353302
0.990574300289154
1.0
0.9051312208175659
0.9763656854629517
0.9575687646865845
0.9751182794570923
1.0
0.9692060351371765
0.9249336123466492
0.9163287878036499
0.9163286089897156
0.922883152961731
0.9274337887763977
0.957502007484436
0.9970025420188904
1.0
0.925165593624115
0.9600771069526672
0.9570777416229248
0.8818384408950806
0.973909318447113
1.0
1.0
0.9498633742332458
0.8963180184364319
0.8757522702217102
0.8801411986351013
0.9542281031608582
0.9960091710090637
0.9067421555519104
0.9278433322906494
1.0
1.0
0.9802424907684326
0.9653282165527344
0.9407671689987183
0.9798479676246643
0.8723072409629822
0.8963361382484436
0.9602257013320923
0.8891697525978088
0.8961002826690674
0.9238196611404419
0.9467403888702393
0.9175952076911926
0.9323441982269287
0.9847592115402222
0.9315056204795837
0.9651275873184204
0.8709821701049805
0.8573712706565857
0.875371515750885
0.8753711581230164
0.9845163822174072
0.8909783959388733
0.981783390045166
0.879347026348114
0.9765629768371582
0.9473941326141357
0.9676069021224976
0.9452442526817322
0.9633802175521851
0.9111471176147461
0.9097291231155396
0.9379678964614868
0.9858238697052002
0.9668710827827454
1.0
0.9267431497573853
0.8950210809707642
0.8934102654457092
0.963005542755127
0.8912805318832397
0.9297095537185669
0.9110363721847534
0.9599339962005615
0.9448860883712769
0.9507396221160889
0.9728381037712097
0.9241129755973816
0.9591657519340515
0.9792826771736145
0.9335798025131226
0.9650511741638184
0.8968470096588135
0.9565207362174988
0.9471765756607056
0.998077392578125
0.9064232110977173
0.9651178121566772
0.8850824236869812
0.9141302704811096
0.96222323179245
0.9246765971183777
0.9382742643356323
0.9443938136100769
0.9205606579780579
0.878274142742157
0.852383553981781
0.923827052116394
0.8732399344444275
0.8527722358703613
0.9556635022163391
0.9063553214073181
0.9257622957229614
0.8763973116874695
0.9285855889320374
0.8692067265510559
0.928227424621582
0.9386399984359741
0.9584957957267761
0.9330366253852844
0.8599188923835754
0.8485880494117737
0.9363217949867249
0.8724594116210938
0.8571193814277649
0.9318655729293823
0.9367236495018005
0.9243627190589905
0.9083079695701599
0.9467012882232666
0.9307589530944824
0.9323687553405762
0.9394723176956177
0.9232267737388611
0.9294408559799194
0.8881477117538452
0.9876774549484253
0.9098150134086609
0.9717803597450256
0.9684143662452698
0.8922716975212097
0.8759379982948303
0.944054365158081
0.9432830810546875
0.887565016746521
0.9293472766876221
0.929347038269043
0.9424225687980652
0.8841248154640198
0.8828112483024597
0.9141144752502441
0.960503101348877
0.8644958138465881
0.9089633822441101
0.9331453442573547
0.8902645111083984
0.9514875411987305
0.9216418266296387
0.9805163145065308
0.9854307174682617
0.9176304936408997
0.9265550971031189
0.9046468734741211
0.9112724661827087
0.9388023018836975
0.8911651968955994
0.941154420375824
0.9861813187599182
0.9580931067466736
0.9536240100860596
0.8913944959640503
0.973527729511261
0.9060691595077515
0.9559197425842285
0.980340838432312
0.9282129406929016
0.913993239402771
0.8949345946311951
0.9442718625068665
0.9066991209983826
0.8670564889907837
0.9577421545982361
0.9040725827217102
0.8783438205718994
0.9327002763748169
0.8930749297142029
0.9692627191543579
0.9261438846588135
0.8816187381744385
0.9530621767044067
0.8974920511245728
0.8941465020179749
0.9175917506217957
0.9081185460090637
0.9073385000228882
0.8997550010681152
0.9256053566932678
0.8935086131095886
0.9205095171928406
0.9354481101036072
0.9241199493408203
0.9015083909034729
0.8672143816947937
0.8940613865852356
0.8940610885620117
0.890679121017456
0.9104611873626709
0.9521124362945557
0.9860265851020813
0.9231094121932983
0.9415605068206787
0.9609429240226746
0.9428213238716125
0.9121050834655762
0.9913069009780884
0.9302347302436829
0.9953768849372864
0.8983941078186035
0.9436527490615845
0.9470189213752747
0.9433193206787109
0.9598292112350464
1.0
0.9465048313140869
0.9239792227745056
1.0
0.9672746658325195
0.9555765986442566
1.0
0.9044834971427917
0.9460538029670715
0.9417344331741333
0.9069676995277405
0.9393687844276428
0.9289740324020386
0.9289737939834595
0.8852532505989075
0.916964054107666
0.8884159922599792
0.8980415463447571
0.9435727000236511
0.9530630707740784
0.8912115693092346
0.9446894526481628
0.8992652893066406
0.8972635865211487
0.9121190309524536
0.9073348045349121
0.9289455413818359
0.8809096217155457
0.91065514087677
0.9080060124397278
0.86667799949646
0.9036508798599243
0.9282931685447693
0.927809476852417
0.9307998418807983
0.9208336472511292
0.9251808524131775
0.884097158908844
0.8723013997077942
0.9395573139190674
0.9499844312667847
0.9107708930969238
0.9318681955337524
0.92989581823349
0.8828690052032471
0.9332606792449951
0.890140950679779
0.9138917922973633
0.935532808303833
0.90333491563797
0.9707041382789612
0.9170529246330261
0.9645071029663086
0.8704443573951721
0.9111826419830322
0.9297982454299927
0.9673260450363159
0.9587609767913818
0.9438289999961853
0.9562888741493225
0.9126175045967102
0.887078046798706
0.9047563672065735
0.938681960105896
0.9711634516716003
0.9182318449020386
0.972438633441925
0.8978843092918396
0.8725952506065369
0.9425574541091919
0.9647568464279175
0.909968912601471
0.9686805009841919
0.9172095060348511
0.8863474130630493
0.940226137638092
0.8641860485076904
0.8885038495063782
0.98862224817276
0.9799891710281372
0.8921120166778564
0.9349711537361145
0.9276918172836304
0.9454638361930847
0.8844756484031677
0.8745290637016296
0.9547047019004822
0.9248872995376587
0.923299252986908
0.9066534042358398
0.9234594106674194
0.964214026927948
1.0
0.9225482940673828
0.9206046462059021
0.9734225273132324
0.9613514542579651
0.9944850206375122
0.9659559726715088
0.9956492781639099
0.9466914534568787
0.9260089993476868
0.9497973918914795
0.9837155938148499
0.9661877751350403
0.9296098351478577
0.9402700662612915
1.0
0.9676139950752258
0.9491445422172546
0.8944481611251831
0.9753189086914062
0.947579562664032
0.9021320939064026
0.9495903849601746
0.9767258763313293
0.9639506340026855
0.9383659958839417
0.9738541841506958
0.9343308806419373
0.9029536843299866
0.9439926147460938
0.9880095720291138
0.9182352423667908
0.9479836225509644
0.9800504446029663
0.9270567297935486
0.9234418869018555
0.9810033440589905
0.975252091884613
0.9629701972007751
0.9822872281074524
0.9156380891799927
0.9453028440475464
0.9341877102851868
0.9576040506362915
0.9272766709327698
1.0
0.8999518156051636
0.9791096448898315
1.0
0.9479334950447083
0.8756613731384277
0.980751097202301
0.9698790907859802
0.9773859977722168
0.8958771228790283
0.9721329808235168
0.9802218675613403
0.9003456234931946
0.8988385200500488
0.9694913625717163
0.9545792937278748
0.9642359614372253
0.9083256721496582
0.9214395880699158
0.9721472263336182
0.9663307666778564
0.9641051292419434
0.9109112620353699
0.8749157786369324
0.9367579817771912
0.8697904944419861
0.8762532472610474
0.8702492117881775
0.8945341110229492
0.8547084927558899
0.9654240012168884
0.9593821167945862
0.9187572598457336
0.8655997514724731
0.9498282670974731
0.9548892974853516
0.9474573731422424
0.9600583910942078
0.9213634133338928
0.9773589372634888
0.8993414640426636
0.9634677171707153
0.9993062615394592
0.9993062615394592
0.9981591105461121
0.9632437229156494
1.0
0.9675763845443726
0.9895308613777161
0.8941877484321594
0.9976342916488647
0.9204853773117065
1.0
0.9919997453689575
0.9142436385154724
0.9597665071487427
0.9058974385261536
0.8969809412956238
0.9563049674034119
0.8753353357315063
1.0
0.919403612613678
0.9208679795265198
0.9692208766937256
0.9341179132461548
0.954742431640625
0.9782608151435852
0.9826211333274841
0.9533416628837585
0.9671995639801025
0.8742364048957825
0.8940903544425964
0.9533928632736206
0.9583359360694885
0.9247947931289673
0.93040931224823
0.8818427920341492
0.9467394948005676
0.9402859210968018
0.9380186796188354
0.8663120269775391
0.9597798585891724
0.9019281268119812
0.9413985013961792
0.8509771823883057
0.8509767055511475
0.8598666191101074
0.8624672293663025
0.894525945186615
0.9587169289588928
0.9388457536697388
0.874223530292511
