0.9622243642807007
0.9059426784515381
0.9573387503623962
0.9234721660614014
0.9710603356361389
0.9353371858596802
0.9159613847732544
0.961459755897522
0.9235168695449829
0.9285470843315125
0.9142864942550659
0.9389033317565918
0.8927803635597229
0.8914531469345093
0.9734964370727539
1.0
0.971989631652832
0.9310441017150879
0.9648879766464233
0.9617428183555603
0.9811781048774719
0.9942587018013
1.0
1.0
1.0
0.9710920453071594
0.9909072518348694
0.9566164016723633
1.0
0.9702198505401611
0.9982123374938965
0.9379757046699524
0.9465463757514954
0.9695351123809814
0.9001836776733398
0.9854552149772644
0.9753598570823669
0.9555906653404236
0.9723861217498779
1.0
0.988916277885437
0.9848830103874207
0.9498810172080994
0.9809548854827881
0.9711319804191589
0.9517231583595276
0.9783504009246826
0.9225016236305237
0.8927268981933594
0.9185552000999451
0.9920423626899719
0.9629063010215759
0.9453641772270203
0.9750701785087585
0.9142419695854187
0.9841118454933167
0.909957766532898
0.9434679746627808
0.8844426870346069
0.9092845916748047
1.0
0.9157559871673584
0.9518077373504639
0.8770606517791748
0.9518559575080872
0.8585795164108276
0.9212374687194824
0.9553102850914001
0.9755392074584961
0.9209479093551636
0.9659914374351501
0.8914141654968262
0.9462054967880249
0.9786092638969421
0.9827950596809387
0.8718599081039429
1.0
0.9584900140762329
0.888096809387207
0.9171593189239502
0.982361912727356
0.9563097357749939
0.9772258996963501
0.9797436594963074
0.9558859467506409
0.9117743968963623
0.9551591277122498
0.9201875329017639
0.9663620591163635
0.9962184429168701
0.9630315899848938
1.0
0.9287490844726562
0.9276241660118103
0.9276239275932312
0.9697099328041077
1.0
0.9379401206970215
0.9878374934196472
1.0
1.0
0.9359725713729858
1.0
0.9587796926498413
0.9144585132598877
0.9680740237236023
0.9458377957344055
0.9371916651725769
0.9087272882461548
0.9483164548873901
0.9546385407447815
0.9207760691642761
0.9044731855392456
0.9217276573181152
0.9772742986679077
1.0
0.9483411908149719
0.9053242206573486
0.8831623196601868
0.9110123515129089
0.9407813549041748
0.9912415742874146
1.0
1.0
1.0
0.9801280498504639
0.9772781729698181
0.9884356260299683
1.0
1.0
0.9553456902503967
0.9405199289321899
0.9728978276252747
0.9910317063331604
1.0
0.9808911681175232
0.9958015084266663
0.9456191658973694
1.0
0.9816924333572388
0.9671373963356018
0.9108170866966248
0.9215051531791687
0.9649708867073059
0.9463744163513184
0.9334100484848022
0.9876551628112793
0.9738406538963318
0.9556211233139038
1.0
0.9521140456199646
0.9829602837562561
0.958085298538208
0.9778614640235901
1.0
0.9692857265472412
0.9942062497138977
0.9421691298484802
0.8663551211357117
0.9811394214630127
1.0
1.0
1.0
0.9737190008163452
0.968245267868042
0.957603394985199
0.9290225505828857
0.9957147836685181
0.9904912710189819
1.0
1.0
0.9976164102554321
0.9935890436172485
1.0
1.0
0.9755991697311401
1.0
1.0
0.9577109217643738
1.0
1.0
0.98973548412323
1.0
0.9956762790679932
0.9787711501121521
0.9860019087791443
0.9404295086860657
0.9663640856742859
0.9582977294921875
1.0
1.0
0.9941751956939697
1.0
0.9826353192329407
0.9644032120704651
0.9584294557571411
0.9877546429634094
1.0
0.9768756031990051
1.0
0.9584969878196716
1.0
0.9911040663719177
0.9664757251739502
0.9712608456611633
1.0
1.0
0.9378799796104431
0.9183225035667419
0.9359853267669678
0.9359852075576782
0.9356464147567749
0.9129462838172913
0.9207053780555725
1.0018553733825684
0.9931342005729675
0.901878297328949
1.0011142492294312
0.967785120010376
0.972866952419281
0.8864073157310486
0.9172077178955078
0.935617208480835
0.9388879537582397
0.9583795070648193
0.9144701957702637
0.9957171082496643
1.0
1.0
1.0
1.0
0.9694345593452454
1.0
0.9488223791122437
0.9596723914146423
1.0
0.9897339344024658
0.9545071721076965
0.9522857069969177
0.9522855877876282
0.9749316573143005
0.9650087356567383
0.9462990760803223
0.9063429832458496
0.9418676495552063
0.9294981360435486
0.9271844625473022
0.9377794861793518
0.8982980847358704
0.9030524492263794
0.8824936151504517
0.9040829539299011
0.894412100315094
0.9738925099372864
1.0
0.9735416173934937
0.9504071474075317
0.9989705085754395
0.9632300734519958
0.9699075818061829
1.0
1.0
0.9916462898254395
0.9633123874664307
0.9583864808082581
0.9651492238044739
0.869350016117096
0.8705876469612122
0.9084696769714355
0.9838789105415344
1.0
0.9847849011421204
1.0
0.9402144551277161
0.9159687757492065
0.9849964380264282
0.986295223236084
0.9752143025398254
0.8974301815032959
0.8749566078186035
0.8666901588439941
0.8666898012161255
0.9345646500587463
0.9441064596176147
0.9579411745071411
0.92707359790802
0.976533830165863
0.9618800282478333
0.9798504710197449
0.9397702217102051
0.9654721617698669
0.9280600547790527
0.9264503121376038
0.9411081075668335
0.96892249584198
0.9543026685714722
0.9970974922180176
0.9178187847137451
0.9446948170661926
0.8746767640113831
0.951923131942749
0.9051622748374939
0.8983067870140076
0.8897420167922974
0.9152979850769043
0.938366174697876
0.9498193860054016
0.9424911141395569
0.8926507830619812
0.947989821434021
0.9446492791175842
0.9346645474433899
0.9470279812812805
0.9067310690879822
0.9432962536811829
0.9328039884567261
0.9521868824958801
0.9329710602760315
0.9276216626167297
0.9069610834121704
0.9133362174034119
0.9381652474403381
0.923954963684082
0.9279208779335022
0.9596270322799683
0.9265276193618774
0.883285403251648
0.9200918078422546
0.9540373682975769
0.8851482272148132
0.9098728895187378
0.956836998462677
0.9447243213653564
0.9332512617111206
0.909990668296814
0.9159086346626282
0.8884189128875732
0.9019713997840881
0.9278537631034851
0.9342677593231201
0.9244604110717773
0.8883786797523499
0.8709915280342102
0.9302500486373901
0.882783830165863
0.8697649240493774
0.8954687118530273
0.9353153109550476
0.8926722407341003
0.9013434052467346
0.9352278113365173
0.9171852469444275
0.9118510484695435
0.9390037059783936
0.9344433546066284
0.9079548716545105
0.8971267938613892
0.9714916944503784
0.9043000936508179
0.9405484795570374
0.9512220025062561
0.9118961691856384
0.9214131832122803
0.9277769923210144
0.9180142879486084
0.8766369819641113
0.9386041760444641
0.9386039972305298
0.9317569732666016
0.912216067314148
0.8652092814445496
0.9026997685432434
0.9153133630752563
0.8727074861526489
0.8991275429725647
0.8959872126579285
0.8714681267738342
0.9142269492149353
0.9009929895401001
0.9208662509918213
0.9503531455993652
0.9136782288551331
0.8851087093353271
0.9055123925209045
0.8801566362380981
0.8887913823127747
0.8975012898445129
0.9118044376373291
0.9183510541915894
0.9242885112762451
0.9119468927383423
0.8741978406906128
0.9342827796936035
0.9170488119125366
0.9230456352233887
0.9446662068367004
0.9026228785514832
0.9204009771347046
0.9259960651397705
0.9189416170120239
0.8964774012565613
0.8765770792961121
0.9492511749267578
0.8925917744636536
0.921124279499054
0.9159833788871765
0.8916380405426025
0.9567318558692932
0.9464164972305298
0.8923189640045166
0.9444847106933594
0.9343078136444092
0.9149367809295654
0.9179461002349854
0.8964752554893494
0.9228304624557495
0.8984946012496948
0.8973798751831055
0.9135645627975464
0.9014396071434021
0.9325881600379944
0.9118914008140564
0.8906368613243103
0.8815368413925171
0.8965362906455994
0.8965360522270203
0.8880147337913513
0.9168584942817688
0.9294923543930054
0.9573606252670288
0.9260435700416565
0.8964266777038574
0.9655824303627014
0.9128860235214233
0.9423757791519165
0.9562182426452637
0.9161819815635681
0.9360533952713013
0.8897419571876526
0.8999455571174622
0.9048998951911926
0.9395954608917236
0.9367426037788391
0.9419766664505005
0.8963111639022827
0.8981174230575562
0.9493731260299683
0.9229633808135986
0.9336960315704346
0.9632392525672913
0.8966226577758789
0.9181801676750183
0.925966203212738
0.8888731002807617
0.9202262163162231
0.9209353923797607
0.9209351539611816
0.8904563784599304
0.8956866264343262
0.9234156608581543
0.9221510291099548
0.931713342666626
0.9524136185646057
0.89692223072052
0.9474819302558899
0.9479825496673584
0.9170870780944824
0.9344351291656494
0.9625152945518494
0.9446485042572021
0.940811276435852
0.9412485957145691
0.9494465589523315
0.9017608761787415
0.9217800498008728
0.9438048601150513
0.9576162695884705
0.9606539607048035
0.950384795665741
0.9497342109680176
0.9559182524681091
0.9151427745819092
0.9663836359977722
0.970401406288147
0.9384907484054565
0.9411121010780334
0.9763160943984985
0.9512931108474731
0.9498720765113831
0.9298977255821228
0.9712962508201599
0.962510883808136
0.9385177493095398
0.9944987893104553
0.9466947317123413
0.9538522958755493
0.9031782746315002
0.9162740707397461
0.9591398239135742
0.9775353074073792
0.970084011554718
0.9689569473266602
0.9653730988502502
0.9152649641036987
0.9331884980201721
0.9172951579093933
0.9584978818893433
0.985919713973999
0.9339384436607361
0.9481397867202759
0.9594534635543823
0.9369614124298096
0.9484460353851318
0.9646987318992615
0.9187794923782349
0.9679676294326782
0.9231722354888916
0.9322426915168762
0.9590713381767273
0.8955483436584473
0.9292830228805542
0.9472982883453369
0.972618818283081
0.9114747047424316
0.9477320909500122
0.9510705471038818
0.9638285636901855
0.9356371164321899
0.9236265420913696
0.9711253643035889
0.9512186050415039
0.9460310935974121
0.8937585353851318
0.960039496421814
0.8875557780265808
0.9679349660873413
0.9304223656654358
0.8828383088111877
0.9253085255622864
0.9129115343093872
0.970503032207489
0.9610684514045715
0.9577205181121826
0.9034479856491089
0.9011073112487793
0.90474933385849
0.937796950340271
0.905794620513916
0.8895081877708435
0.9001466631889343
0.9497113823890686
0.9338544011116028
0.904420793056488
0.8906534910202026
0.9383790493011475
0.9175967574119568
0.8880564570426941
0.9118327498435974
0.9488502144813538
0.9348411560058594
0.8993300199508667
0.9364740252494812
0.9200931191444397
0.8975492119789124
0.9233121871948242
0.9529128670692444
0.8842369914054871
0.8960607051849365
0.9376258254051208
0.9479122161865234
0.910558819770813
0.9546092748641968
0.9527750015258789
0.9255135655403137
0.9795750379562378
0.9525855183601379
0.9359762668609619
0.912420928478241
0.9510846734046936
0.930429220199585
0.9957435727119446
0.9111934304237366
0.9784698486328125
1.0
0.9260227084159851
0.9308502674102783
0.965482234954834
0.9607983827590942
0.9792354106903076
0.9594554901123047
0.965042233467102
0.9913353323936462
0.9618650674819946
0.9345548152923584
0.9826293587684631
0.9570257663726807
0.9499609470367432
0.9144265651702881
0.9141255021095276
0.9495945572853088
0.960929811000824
0.9828632473945618
0.9206289052963257
0.9293374419212341
0.9591343402862549
0.8997883200645447
0.9319491982460022
0.9249064922332764
0.9504199028015137
0.9423090815544128
0.9793674349784851
0.9519042372703552
0.9324209094047546
0.9321267008781433
0.9520615339279175
0.9579722285270691
0.957423746585846
0.9734038710594177
0.9370526075363159
0.9738956093788147
0.9016844630241394
0.9640937447547913
0.9735528230667114
0.9735527634620667
1.0
0.923232913017273
0.968092143535614
0.9263636469841003
0.9711506366729736
0.9325706958770752
0.9716957807540894
0.9480136632919312
0.9739004969596863
0.9955078959465027
0.9397019147872925
0.9571940302848816
0.9232408404350281
0.9452251195907593
0.9685677289962769
0.9089099168777466
1.0
0.9503446817398071
0.9227092862129211
0.9790560007095337
0.9259436726570129
0.9621616005897522
0.972137987613678
0.9634093642234802
0.9669250249862671
0.9766926765441895
0.957909345626831
0.9454953670501709
0.9857837557792664
0.9878013134002686
0.9622207283973694
1.0
0.9687540531158447
0.9725742936134338
0.9700966477394104
0.9347152709960938
0.9014270305633545
0.9466363787651062
0.9103521704673767
0.9802573919296265
0.9300508499145508
0.9300506711006165
0.9214104413986206
0.9003574252128601
0.9072733521461487
0.9619544744491577
0.9747781157493591
0.8995854258537292
